
req_coeff =

   -0.0000
    1.2161
   -0.5542
   -0.9509
   -0.1151
    1.0000
    0.0404
   -7.0148
   -7.2490
   -6.6445
   -6.2044
    0.5544


fval =

    10


exitflag =

    -2


output = 

         iterations: 7
          funcCount: 126
       lssteplength: 1
           stepsize: 0.5444
          algorithm: 'medium-scale: SQP, Quasi-Newton, line-search'
      firstorderopt: 5.5734e+03
    constrviolation: 1.1277
            message: [1x761 char]


lambda = 

         lower: [12x1 double]
         upper: [12x1 double]
         eqlin: [0x1 double]
      eqnonlin: [4x1 double]
       ineqlin: [0x1 double]
    ineqnonlin: [11x1 double]


grad =

     0
     0
     0
     0
     0
     0
     0
     0
     0
     0
     0
     0


hessian =

   1.0e+21 *

  Columns 1 through 10

    0.0000    0.0000    0.0000   -0.0000   -0.0000   -0.0000   -0.0000   -0.0000   -0.0000    0.0000
    0.0000    0.0000    0.0000   -0.0000   -0.0000   -0.0000   -0.0000   -0.0000   -0.0000    0.0000
    0.0000    0.0000    0.0000   -0.0000   -0.0000    0.0000   -0.0000   -0.0000   -0.0000    0.0000
   -0.0000   -0.0000   -0.0000    0.0000    0.0000    0.0000    0.0000    0.0000    0.0000   -0.0000
   -0.0000   -0.0000   -0.0000    0.0000    0.0000    0.0000    0.0000    0.0000    0.0000   -0.0000
   -0.0000   -0.0000    0.0000    0.0000    0.0000    9.2433   -0.0000   -0.0000   -0.0000   -0.0000
   -0.0000   -0.0000   -0.0000    0.0000    0.0000   -0.0000    0.0000    0.0000    0.0000   -0.0000
   -0.0000   -0.0000   -0.0000    0.0000    0.0000   -0.0000    0.0000    0.0000    0.0000   -0.0000
   -0.0000   -0.0000   -0.0000    0.0000    0.0000   -0.0000    0.0000    0.0000    0.0000   -0.0000
    0.0000    0.0000    0.0000   -0.0000   -0.0000   -0.0000   -0.0000   -0.0000   -0.0000    0.0000
    0.0000    0.0000    0.0000   -0.0000   -0.0000   -0.0000   -0.0000   -0.0000   -0.0000    0.0000
    0.0000    0.0000    0.0000   -0.0000   -0.0000   -0.0000   -0.0000   -0.0000   -0.0000    0.0000

  Columns 11 through 12

    0.0000    0.0000
    0.0000    0.0000
    0.0000    0.0000
   -0.0000   -0.0000
   -0.0000   -0.0000
   -0.0000   -0.0000
   -0.0000   -0.0000
   -0.0000   -0.0000
   -0.0000   -0.0000
    0.0000    0.0000
    0.0000    0.0000
    0.0000    0.0000