    0.9915


x_curr =

   3.9432e-17


y_curr =

  -4.7342e-20


aj3_curr =

   -0.0984


x_curr =

   3.5447e-05


y_curr =

   1.4141e-04


aj3_curr =

   -0.3602


x_curr =

    0.0146


y_curr =

    0.0030


aj3_curr =

   -0.7485


x_curr =

    0.0524


y_curr =

    0.0065


aj3_curr =

   -0.7717


x_curr =

    0.1163


y_curr =

    0.0095


aj3_curr =

   -0.9706


x_curr =

    0.2071


y_curr =

    0.0270


aj3_curr =

   -0.2090


x_curr =

    0.3276


y_curr =

    0.0956


aj3_curr =

   -0.9814


x_curr =

    0.4860


y_curr =

    0.2684


aj3_curr =

   -0.3815


x_curr =

    0.6999


y_curr =

    0.5898


aj3_curr =

   -0.5163


x_curr =

     1


y_curr =

    0.9986


aj3_curr =

   -0.9932


ceq =

    0.0000
         0
   -0.0000
   -0.0014


req_coeff =

    0.0000
   -0.0039
   -0.0182
    0.2483
    0.3564
    1.0000
   -0.0249
    0.8376
   -0.6217
   -0.9332
    3.2013
    0.9915


x_curr =

   3.9432e-17


y_curr =

  -4.7342e-20


aj3_curr =

   -0.0984


x_curr =

   3.5447e-05


y_curr =

   1.4141e-04


aj3_curr =

   -0.3602


x_curr =

    0.0146


y_curr =

    0.0030


aj3_curr =

   -0.7485


x_curr =

    0.0524


y_curr =

    0.0065


aj3_curr =

   -0.7717


x_curr =

    0.1163


y_curr =

    0.0095


aj3_curr =

   -0.9706


x_curr =

    0.2071


y_curr =

    0.0270


aj3_curr =

   -0.2090


x_curr =

    0.3276


y_curr =

    0.0956


aj3_curr =

   -0.9814


x_curr =

    0.4860


y_curr =

    0.2684


aj3_curr =

   -0.3815


x_curr =

    0.6999


y_curr =

    0.5898


aj3_curr =

   -0.5163


x_curr =

     1


y_curr =

    0.9986


aj3_curr =

   -0.9932


ceq =

    0.0000
         0
   -0.0000
   -0.0014


req_coeff =

    0.0000
   -0.0039
   -0.0182
    0.2483
    0.3564
    1.0000
   -0.0249
    0.8376
   -0.6217
   -0.9332
    3.2013
    0.9915


x_curr =

   3.9432e-17


y_curr =

  -4.7342e-20


aj3_curr =

   -0.0984


x_curr =

   3.5447e-05


y_curr =

   1.4141e-04


aj3_curr =

   -0.3602


x_curr =

    0.0146


y_curr =

    0.0030


aj3_curr =

   -0.7485


x_curr =

    0.0524


y_curr =

    0.0065


aj3_curr =

   -0.7717


x_curr =

    0.1163


y_curr =

    0.0095


aj3_curr =

   -0.9706


x_curr =

    0.2071


y_curr =

    0.0270


aj3_curr =

   -0.2090


x_curr =

    0.3276


y_curr =

    0.0956


aj3_curr =

   -0.9814


x_curr =

    0.4860


y_curr =

    0.2684


aj3_curr =

   -0.3815


x_curr =

    0.6999


y_curr =

    0.5898


aj3_curr =

   -0.5163


x_curr =

     1


y_curr =

    0.9986


aj3_curr =

   -0.9932


ceq =

    0.0000
         0
   -0.0000
   -0.0014


req_coeff =

   -0.0000
   -0.0066
   -0.0024
    0.2412
    0.3533
    1.0000
   -0.0265
    0.8344
   -0.6208
   -0.9276
    3.1954
    0.9948


x_curr =

  -1.0141e-18


y_curr =

  -2.0009e-22


aj3_curr =

   -0.0866


x_curr =

   3.8694e-04


y_curr =

   2.4760e-04


aj3_curr =

   -0.3695


x_curr =

    0.0167


y_curr =

    0.0034


aj3_curr =

   -0.7590


x_curr =

    0.0554


y_curr =

    0.0070


aj3_curr =

   -0.7687


x_curr =

    0.1188


y_curr =

    0.0100


aj3_curr =

   -0.9731


x_curr =

    0.2080


y_curr =

    0.0272


aj3_curr =

   -0.2096


x_curr =

    0.3267


y_curr =

    0.0949


aj3_curr =

   -0.9818


x_curr =

    0.4841


y_curr =

    0.2667


aj3_curr =

   -0.3816


x_curr =

    0.6983


y_curr =

    0.5887


aj3_curr =

   -0.5167


x_curr =

     1


y_curr =

    1.0000


aj3_curr =

   -0.9922


ceq =

   1.0e-05 *

   -0.0000
         0
   -0.0000
   -0.4285


req_coeff =

   -0.0000
   -0.0066
   -0.0024
    0.2412
    0.3533
    1.0000
   -0.0265
    0.8344
   -0.6208
   -0.9276
    3.1954
    0.9948


x_curr =

  -1.4901e-08


y_curr =

  -2.0007e-22


aj3_curr =

   -0.0866


x_curr =

   3.8694e-04


y_curr =

   2.4760e-04


aj3_curr =

   -0.3695


x_curr =

    0.0167


y_curr =

    0.0034


aj3_curr =

   -0.7590


x_curr =

    0.0554


y_curr =

    0.0070


aj3_curr =

   -0.7687


x_curr =

    0.1188


y_curr =

    0.0100


aj3_curr =

   -0.9731


x_curr =

    0.2080


y_curr =

    0.0272


aj3_curr =

   -0.2096


x_curr =

    0.3267


y_curr =

    0.0949


aj3_curr =

   -0.9818


x_curr =

    0.4841


y_curr =

    0.2667


aj3_curr =

   -0.3816


x_curr =

    0.6983


y_curr =

    0.5887


aj3_curr =

   -0.5167


x_curr =

     1


y_curr =

    1.0000


aj3_curr =

   -0.9922


ceq =

   1.0e-05 *

   -0.0015
         0
   -0.0000
   -0.4283


req_coeff =

   -0.0000
   -0.0066
   -0.0024
    0.2412
    0.3533
    1.0000
   -0.0265
    0.8344
   -0.6208
   -0.9276
    3.1954
    0.9948


x_curr =

  -1.0141e-18


y_curr =

  -2.0007e-22


aj3_curr =

   -0.0866


x_curr =

   3.8694e-04


y_curr =

   2.4760e-04


aj3_curr =

   -0.3695


x_curr =

    0.0167


y_curr =

    0.0034


aj3_curr =

   -0.7590


x_curr =

    0.0554


y_curr =

    0.0070


aj3_curr =

   -0.7687


x_curr =

    0.1188


y_curr =

    0.0100


aj3_curr =

   -0.9731


x_curr =

    0.2080


y_curr =

    0.0272


aj3_curr =

   -0.2096


x_curr =

    0.3267


y_curr =

    0.0949


aj3_curr =

   -0.9818


x_curr =

    0.4841


y_curr =

    0.2667


aj3_curr =

   -0.3816


x_curr =

    0.6983


y_curr =

    0.5887


aj3_curr =

   -0.5167


x_curr =

     1


y_curr =

    1.0000


aj3_curr =

   -0.9922


ceq =

   1.0e-05 *

   -0.0000
         0
   -0.0000
   -0.4284


req_coeff =

   -0.0000
   -0.0066
   -0.0024
    0.2412
    0.3533
    1.0000
   -0.0265
    0.8344
   -0.6208
   -0.9276
    3.1954
    0.9948


x_curr =

  -1.0141e-18


y_curr =

  -2.0013e-22


aj3_curr =

   -0.0866


x_curr =

   3.8694e-04


y_curr =

   2.4760e-04


aj3_curr =

   -0.3695


x_curr =

    0.0167


y_curr =

    0.0034


aj3_curr =

   -0.7590


x_curr =

    0.0554


y_curr =

    0.0070


aj3_curr =

   -0.7687


x_curr =

    0.1188


y_curr =

    0.0100


aj3_curr =

   -0.9731


x_curr =

    0.2080


y_curr =

    0.0272


aj3_curr =

   -0.2096


x_curr =

    0.3267


y_curr =

    0.0949


aj3_curr =

   -0.9818


x_curr =

    0.4841


y_curr =

    0.2667


aj3_curr =

   -0.3816


x_curr =

    0.6983


y_curr =

    0.5887


aj3_curr =

   -0.5167


x_curr =

     1


y_curr =

    1.0000


aj3_curr =

   -0.9922


ceq =

   1.0e-05 *

   -0.0000
         0
   -0.0000
   -0.4282


req_coeff =

   -0.0000
   -0.0066
   -0.0024
    0.2412
    0.3533
    1.0000
   -0.0265
    0.8344
   -0.6208
   -0.9276
    3.1954
    0.9948


x_curr =

  -1.0141e-18


y_curr =

  -2.0009e-22


aj3_curr =

   -0.0866


x_curr =

   3.8694e-04


y_curr =

   2.4760e-04


aj3_curr =

   -0.3695


x_curr =

    0.0167


y_curr =

    0.0034


aj3_curr =

   -0.7590


x_curr =

    0.0554


y_curr =

    0.0070


aj3_curr =

   -0.7687


x_curr =

    0.1188


y_curr =

    0.0100


aj3_curr =

   -0.9731


x_curr =

    0.2080


y_curr =

    0.0272


aj3_curr =

   -0.2096


x_curr =

    0.3267


y_curr =

    0.0949


aj3_curr =

   -0.9818


x_curr =

    0.4841


y_curr =

    0.2667


aj3_curr =

   -0.3816


x_curr =

    0.6983


y_curr =

    0.5887


aj3_curr =

   -0.5167


x_curr =

     1


y_curr =

    1.0000


aj3_curr =

   -0.9922


ceq =

   1.0e-05 *

   -0.0000
         0
   -0.0000
   -0.4292


req_coeff =

   -0.0000
   -0.0066
   -0.0024
    0.2412
    0.3533
    1.0000
   -0.0265
    0.8344
   -0.6208
   -0.9276
    3.1954
    0.9948


x_curr =

  -1.0141e-18


y_curr =

  -2.0009e-22


aj3_curr =

   -0.0866


x_curr =

   3.8694e-04


y_curr =

   2.4760e-04


aj3_curr =

   -0.3695


x_curr =

    0.0167


y_curr =

    0.0034


aj3_curr =

   -0.7590


x_curr =

    0.0554


y_curr =

    0.0070


aj3_curr =

   -0.7687


x_curr =

    0.1188


y_curr =

    0.0100


aj3_curr =

   -0.9731


x_curr =

    0.2080


y_curr =

    0.0272


aj3_curr =

   -0.2096


x_curr =

    0.3267


y_curr =

    0.0949


aj3_curr =

   -0.9818


x_curr =

    0.4841


y_curr =

    0.2667


